    0.9501    0.8214    0.9355    0.1389    0.4451    0.8381    0.3046    0.3784
    0.2311    0.4447    0.9169    0.2028    0.9318    0.0196    0.1897    0.8600
    0.6068    0.6154    0.4103    0.1987    0.4660    0.6813    0.1934    0.8537
    0.4860    0.7919    0.8936    0.6038    0.4186    0.3795    0.6822    0.5936
    0.8913    0.9218    0.0579    0.2722    0.8462    0.8318    0.3028    0.4966
    0.7621    0.7382    0.3529    0.1988    0.5252    0.5028    0.5417    0.8998
    0.4565    0.1763    0.8132    0.0153    0.2026    0.7095    0.1509    0.8216
    0.0185    0.4057    0.0099    0.7468    0.6721    0.4289    0.6979    0.6449
	
	    0.8180    0.8385    0.7948    0.8757    0.2844    0.4329    0.7833    0.4154
    0.6602    0.5681    0.9568    0.7373    0.4692    0.2259    0.6808    0.3050
    0.3420    0.3704    0.5226    0.1365    0.0648    0.5798    0.4611    0.8744
    0.2897    0.7027    0.8801    0.0118    0.9883    0.7604    0.5678    0.0150
    0.3412    0.5466    0.1730    0.8939    0.5828    0.5298    0.7942    0.7680
    0.5341    0.4449    0.9797    0.1991    0.4235    0.6405    0.0592    0.9708
    0.7271    0.6946    0.2714    0.2987    0.5155    0.2091    0.6029    0.9901
    0.3093    0.6213    0.2523    0.6614    0.3340    0.3798    0.0503    0.7889
	
	    0.4387    0.7446    0.1338    0.0272    0.6085    0.7176    0.6992    0.2731
    0.4983    0.2679    0.2071    0.3127    0.0158    0.6927    0.7275    0.2548
    0.2140    0.4399    0.6072    0.0129    0.0164    0.0841    0.4784    0.8656
    0.6435    0.9334    0.6299    0.3840    0.1901    0.4544    0.5548    0.2324
    0.3200    0.6833    0.3705    0.6831    0.5869    0.4418    0.1210    0.8049
    0.9601    0.2126    0.5751    0.0928    0.0576    0.3533    0.4508    0.9084
    0.7266    0.8392    0.4514    0.0353    0.3676    0.1536    0.7159    0.2319
    0.4120    0.6288    0.0439    0.6124    0.6315    0.6756    0.8928    0.2393
	
	    3.7073    4.0271    2.9790    1.2863    1.8776    3.1502    3.5139    2.6101
    2.4705    3.3295    2.7928    1.2461    2.2296    1.9002    2.8498    2.9984
    2.4137    2.4309    1.5401    1.0328    1.5074    2.1843    2.4077    2.4205
    2.6243    2.9171    2.6803    1.6222    1.4647    1.9561    2.7059    3.2378
    3.5142    3.8930    1.7977    1.7435    2.3846    2.9614    3.0813    2.4047
    2.7493    2.9576    1.8314    1.3869    1.8313    2.4455    3.0671    3.2221
    2.5835    2.8272    2.0341    1.3696    1.8787    2.9341    2.9324    2.4831
    1.7764    2.3780    1.1493    1.9549    1.7345    2.2254    2.8058    2.0740